k=2: [ 10000, 10000, 10000, 10000, 10000 ]
k=4: [ 0, 0, 0, 0, 0, 0, 0, 0, 0, 0, 0, 0, 0, 0 ]
k=6: [ 0, 0, 0, 0, 0, 0, 0, 0, 0, 0, 0, 0, 0, 0, -1, -1, -1, -1, -1, -1, -1, -1,
-1, -1 ]
k=8: [ 0, 0, 0, 0, 0, 0, 0, 0, 0, 0, 0, 0, 0, 0, -1, -1, -1, -1, -1, -1, -1, -1,
-1, -1, -2, -2, -2, -2, -2, -2, -2, -2, -2, -2 ]
k=8: [ 0, 0, 0, 0, 0, 0, 0, 0, 0, 0, 0, 0, 0, 0, -1, -1, -1, -1, -1, -1, -1, -1,
-1, -1, -2, -2, -2, -2, -2, -2, -2, -2, -2, -2 ]
k=10: [ 0, 0, 0, 0, 0, 0, 0, 0, 0, 0, 0, 0, 0, 0, -1, -1, -1, -1, -1, -1, -1, 
-1, -1, -1, -2, -2, -2, -2, -2, -2, -2, -2, -2, -2, -3, -3, -3, -3, -3, -3, -3, 
-3, -3, -3 ]
k=10: [ 0, 0, 0, 0, 0, 0, 0, 0, 0, 0, 0, 0, 0, 0, -1, -1, -1, -1, -1, -1, -1, 
-1, -1, -1, -2, -2, -2, -2, -2, -2, -2, -2, -2, -2, -3, -3, -3, -3, -3, -3, -3, 
-3, -3, -3 ]
k=12: [ 1, 0, 0, 0, 0, 0, 0, 0, 0, 0, 0, 0, 0, 0, -1, -1, -1, -1, -1, -1, -1, 
-1, -1, -1, -2, -2, -2, -2, -2, -2, -2, -2, -2, -2, -3, -3, -3, -3, -3, -3, -3, 
-3, -3, -3, -4, -4, -4, -4, -4, -4, -4, -4 ]
k=14: [ 0, 0, 0, 0, 0, 0, 0, 0, 0, 0, 0, 0, 0, 0, -1, -1, -1, -1, -1, -1, -1, 
-1, -1, -1, -2, -2, -2, -2, -2, -2, -2, -2, -2, -2, -3, -3, -3, -3, -3, -3, -3, 
-3, -3, -3, -4, -4, -4, -4, -4, -4, -4, -4, -5, -5, -5, -5, -5, -5, -5, -5, -5, 
-5, -5, -5 ]
k=16: [ 1, 0, 0, 0, 0, 0, 0, 0, 0, 0, 0, 0, 0, 0, -1, -1, -1, -1, -1, -1, -1, 
-1, -1, -1, -2, -2, -2, -2, -2, -2, -2, -2, -2, -2, -3, -3, -3, -3, -3, -3, -3, 
-3, -3, -3, -4, -4, -4, -4, -4, -4, -4, -4, -5, -5, -5, -5, -5, -5, -5, -5, -5, 
-5, -5, -5, -6, -6, -6, -6, -6, -6, -7, -7 ]
k=18: [ 0, 0, 0, 0, 0, 0, 0, 0, 0, 0, 0, 0, 0, 0, -1, -1, -1, -1, -1, -1, -1, 
-1, -1, -1, -2, -2, -2, -2, -2, -2, -2, -2, -2, -2, -3, -3, -3, -3, -3, -3, -3, 
-3, -3, -3, -4, -4, -4, -4, -4, -4, -4, -4, -5, -5, -5, -5, -5, -5, -5, -5, -5, 
-5, -5, -5, -6, -6, -6, -6, -6, -6, -13/2, -13/2, -13/2, -13/2, -7, -7, -7, -7, 
-7, -7, -7, -7 ]
k=20: [ 0, 0, 0, 0, 0, 0, 0, 0, 0, 0, 0, 0, 0, 0, -1, -1, -1, -1, -1, -1, -1, 
-1, -1, -1, -2, -2, -2, -2, -2, -2, -2, -2, -2, -2, -3, -3, -3, -3, -3, -3, -3, 
-3, -3, -3, -4, -4, -4, -4, -4, -4, -4, -4, -5, -5, -5, -5, -5, -5, -5, -5, -5, 
-5, -5, -5, -6, -6, -6, -6, -6, -6, -13/2, -13/2, -13/2, -13/2, -7, -7, -7, -7, 
-7, -7, -7, -7, -8, -8, -8, -8, -8, -8, -8, -8, -8, -8 ]
k=22: [ 1, 0, 0, 0, 0, 0, 0, 0, 0, 0, 0, 0, 0, 0, -1, -1, -1, -1, -1, -1, -1, 
-1, -1, -1, -2, -2, -2, -2, -2, -2, -2, -2, -2, -2, -3, -3, -3, -3, -3, -3, -3, 
-3, -3, -3, -4, -4, -4, -4, -4, -4, -4, -4, -5, -5, -5, -5, -5, -5, -5, -5, -5, 
-5, -5, -5, -6, -6, -6, -6, -6, -6, -13/2, -13/2, -13/2, -13/2, -7, -7, -7, -7, 
-7, -7, -7, -7, -8, -8, -8, -8, -8, -8, -8, -8, -8, -8, -9, -9, -9, -9, -9, -9, 
-9, -9, -9, -9 ]
k=24: [ 0, 0, 0, 0, 0, 0, 0, 0, 0, 0, 0, 0, 0, 0, -1, -1, -1, -1, -1, -1, -1, 
-1, -1, -1, -2, -2, -2, -2, -2, -2, -2, -2, -2, -2, -3, -3, -3, -3, -3, -3, -3, 
-3, -3, -3, -4, -4, -4, -4, -4, -4, -4, -4, -5, -5, -5, -5, -5, -5, -5, -5, -5, 
-5, -5, -5, -6, -6, -6, -6, -6, -6, -13/2, -13/2, -13/2, -13/2, -7, -7, -7, -7, 
-7, -7, -7, -7, -8, -8, -8, -8, -8, -8, -8, -8, -8, -8, -9, -9, -9, -9, -9, -9, 
-9, -9, -9, -9, -10, -10, -10, -10, -10, -10, -10, -10 ]
