k=18: [ 0, 0, 0, 0, 0, 0, 0, 0, 0, 0, -1, -1, -1, -1, -2, -2, -2, -2, -2, -2, 
-2, -2, -3, -3, -7/2, -7/2, -7/2, -7/2, -4, -4, -4, -4, -9/2, -9/2, -9/2, -9/2, 
-5, -5, -6, -6, -6, -6, -6, -6, -6, -6, -7, -7, -7, -7 ]
k=20: [ 0, 0, 0, 0, 0, 0, 0, 0, 0, 0, -1, -1, -1, -1, -2, -2, -2, -2, -2, -2, 
-2, -2, -3, -3, -7/2, -7/2, -7/2, -7/2, -4, -4, -4, -4, -9/2, -9/2, -9/2, -9/2, 
-5, -5, -6, -6, -6, -6, -6, -6, -6, -6, -7, -7, -7, -7, -8, -8, -8, -8, -8, -8, 
-8, -8 ]
k=22: [ 0, 0, 0, 0, 0, 0, 0, 0, 0, 0, -1, -1, -1, -1, -2, -2, -2, -2, -2, -2, 
-2, -2, -3, -3, -7/2, -7/2, -7/2, -7/2, -4, -4, -4, -4, -9/2, -9/2, -9/2, -9/2, 
-5, -5, -6, -6, -6, -6, -6, -6, -6, -6, -7, -7, -7, -7, -9, -9, -9, -9, -9, -9, 
-9, -9, -9, -9, -9, -9 ]
k=24: [ 0, 0, 0, 0, 0, 0, 0, 0, 0, 0, -1, -1, -1, -1, -2, -2, -2, -2, -2, -2, 
-2, -2, -3, -3, -7/2, -7/2, -7/2, -7/2, -4, -4, -4, -4, -9/2, -9/2, -9/2, -9/2, 
-5, -5, -6, -6, -6, -6, -6, -6, -6, -6, -8, -8, -8, -8, -9, -9, -9, -9, -9, -9, 
-9, -9, -9, -9, -9, -9, -9, -9, -9, -9, -9, -9, -9, -9 ]
k=26: [ 0, 0, 0, 0, 0, 0, 0, 0, 0, 0, -1, -1, -1, -1, -2, -2, -2, -2, -2, -2, 
-2, -2, -3, -3, -7/2, -7/2, -7/2, -7/2, -4, -4, -4, -4, -9/2, -9/2, -9/2, -9/2, 
-5, -5, -7, -7, -7, -7, -7, -7, -7, -7, -8, -8, -8, -8, -9, -9, -9, -9, -9, -9, 
-9, -9, -9, -9, -9, -9, -9, -9, -9, -9, -9, -9, -9, -9, -10, -10, -10, -10 ]
k=28: [ 0, 0, 0, 0, 0, 0, 0, 0, 0, 0, -1, -1, -1, -1, -2, -2, -2, -2, -2, -2, 
-2, -2, -3, -3, -7/2, -7/2, -7/2, -7/2, -4, -4, -4, -4, -5, -5, -5, -5, -6, -6, 
-7, -7, -7, -7, -7, -7, -7, -7, -8, -8, -8, -8, -9, -9, -9, -9, -9, -9, -9, -9, 
-9, -9, -9, -9, -9, -9, -9, -9, -9, -9, -9, -9, -10, -10, -10, -10, -11, -11, 
-11, -11, -11, -11, -11, -11 ]
k=30: [ 0, 0, 0, 0, 0, 0, 0, 0, 0, 0, -1, -1, -1, -1, -2, -2, -2, -2, -2, -2, 
-2, -2, -3, -3, -4, -4, -4, -4, -5, -5, -5, -5, -11/2, -11/2, -11/2, -11/2, -6, 
-6, -7, -7, -7, -7, -7, -7, -7, -7, -8, -8, -8, -8, -9, -9, -9, -9, -9, -9, -9, 
-9, -9, -9, -9, -9, -9, -9, -9, -9, -9, -9, -9, -9, -10, -10, -10, -10, -11, 
-11, -11, -11, -11, -11, -11, -11, -12, -12, -13, -13 ]
k=32: [ 0, 0, 0, 0, 0, 0, 0, 0, 0, 0, -1, -1, -1, -1, -2, -2, -2, -2, -2, -2, 
-2, -2, -4, -4, -9/2, -9/2, -9/2, -9/2, -5, -5, -5, -5, -11/2, -11/2, -11/2, 
-11/2, -6, -6, -7, -7, -7, -7, -7, -7, -7, -7, -8, -8, -8, -8, -9, -9, -9, -9, 
-9, -9, -9, -9, -9, -9, -9, -9, -9, -9, -9, -9, -9, -9, -9, -9, -10, -10, -10, 
-10, -11, -11, -11, -11, -11, -11, -11, -11, -12, -12, -25/2, -25/2, -25/2, 
-25/2, -13, -13, -13, -13, -14, -14 ]
k=34: [ 0, 0, 0, 0, 0, 0, 0, 0, 0, 0, -1, -1, -1, -1, -3, -3, -3, -3, -3, -3, 
-3, -3, -4, -4, -9/2, -9/2, -9/2, -9/2, -5, -5, -5, -5, -11/2, -11/2, -11/2, 
-11/2, -6, -6, -7, -7, -7, -7, -7, -7, -7, -7, -8, -8, -8, -8, -9, -9, -9, -9, 
-9, -9, -9, -9, -9, -9, -9, -9, -9, -9, -9, -9, -9, -9, -9, -9, -10, -10, -10, 
-10, -11, -11, -11, -11, -11, -11, -11, -11, -12, -12, -25/2, -25/2, -25/2, 
-25/2, -13, -13, -13, -13, -27/2, -27/2, -27/2, -27/2, -14, -14 ]
k=36: [ 0, 0, 0, 0, 0, 0, 0, 0, 0, 0, -2, -2, -2, -2, -3, -3, -3, -3, -3, -3, 
-3, -3, -4, -4, -9/2, -9/2, -9/2, -9/2, -5, -5, -5, -5, -11/2, -11/2, -11/2, 
-11/2, -6, -6, -7, -7, -7, -7, -7, -7, -7, -7, -8, -8, -8, -8, -9, -9, -9, -9, 
-9, -9, -9, -9, -9, -9, -9, -9, -9, -9, -9, -9, -9, -9, -9, -9, -10, -10, -10, 
-10, -11, -11, -11, -11, -11, -11, -11, -11, -12, -12, -25/2, -25/2, -25/2, 
-25/2, -13, -13, -13, -13, -27/2, -27/2, -27/2, -27/2, -14, -14, -15, -15, -15, 
-15, -15, -15, -15, -15 ]
k=38: [ 1, 1, 1, -1, -1, -1, -1, -1, -1, -1, -2, -2, -2, -2, -3, -3, -3, -3, -3,
-3, -3, -3, -4, -4, -9/2, -9/2, -9/2, -9/2, -5, -5, -5, -5, -11/2, -11/2, -11/2,
-11/2, -6, -6, -7, -7, -7, -7, -7, -7, -7, -7, -8, -8, -8, -8, -9, -9, -9, -9, 
-9, -9, -9, -9, -9, -9, -9, -9, -9, -9, -9, -9, -9, -9, -9, -9, -10, -10, -10, 
-10, -11, -11, -11, -11, -11, -11, -11, -11, -12, -12, -25/2, -25/2, -25/2, 
-25/2, -13, -13, -13, -13, -27/2, -27/2, -27/2, -27/2, -14, -14, -15, -15, -15, 
-15, -15, -15, -15, -15, -16, -16, -16, -16 ]
k=40: [ 0, -1, -1, -1, -1, -1, -1, -1, -1, -1, -2, -2, -2, -2, -3, -3, -3, -3, 
-3, -3, -3, -3, -4, -4, -9/2, -9/2, -9/2, -9/2, -5, -5, -5, -5, -11/2, -11/2, 
-11/2, -11/2, -6, -6, -7, -7, -7, -7, -7, -7, -7, -7, -8, -8, -8, -8, -9, -9, 
-9, -9, -9, -9, -9, -9, -9, -9, -9, -9, -9, -9, -9, -9, -9, -9, -9, -9, -10, 
-10, -10, -10, -11, -11, -11, -11, -11, -11, -11, -11, -12, -12, -25/2, -25/2, 
-25/2, -25/2, -13, -13, -13, -13, -27/2, -27/2, -27/2, -27/2, -14, -14, -15, 
-15, -15, -15, -15, -15, -15, -15, -16, -16, -16, -16, -18, -18, -18, -18, -18, 
-18, -18, -18 ]
k=42: [ -1, -1, -1, -1, -1, -1, -1, -1, -1, -1, -2, -2, -2, -2, -3, -3, -3, -3, 
-3, -3, -3, -3, -4, -4, -9/2, -9/2, -9/2, -9/2, -5, -5, -5, -5, -11/2, -11/2, 
-11/2, -11/2, -6, -6, -7, -7, -7, -7, -7, -7, -7, -7, -8, -8, -8, -8, -9, -9, 
-9, -9, -9, -9, -9, -9, -9, -9, -9, -9, -9, -9, -9, -9, -9, -9, -9, -9, -10, 
-10, -10, -10, -11, -11, -11, -11, -11, -11, -11, -11, -12, -12, -25/2, -25/2, 
-25/2, -25/2, -13, -13, -13, -13, -27/2, -27/2, -27/2, -27/2, -14, -14, -15, 
-15, -15, -15, -15, -15, -15, -15, -17, -17, -17, -17, -18, -18, -18, -18, -18, 
-18, -18, -18, -18, -18, -18, -18 ]
k=44: [ -1, -1, -1, -1, -1, -1, -1, -1, -1, -1, -1, -1, -1, -1, -3, -3, -3, -3, 
-3, -3, -3, -3, -4, -4, -9/2, -9/2, -9/2, -9/2, -5, -5, -5, -5, -11/2, -11/2, 
-11/2, -11/2, -6, -6, -7, -7, -7, -7, -7, -7, -7, -7, -8, -8, -8, -8, -9, -9, 
-9, -9, -9, -9, -9, -9, -9, -9, -9, -9, -9, -9, -9, -9, -9, -9, -9, -9, -10, 
-10, -10, -10, -11, -11, -11, -11, -11, -11, -11, -11, -12, -12, -25/2, -25/2, 
-25/2, -25/2, -13, -13, -13, -13, -27/2, -27/2, -27/2, -27/2, -14, -14, -16, 
-16, -16, -16, -16, -16, -16, -16, -17, -17, -17, -17, -18, -18, -18, -18, -18, 
-18, -18, -18, -18, -18, -18, -18, -18, -18, -18, -18, -18, -18, -18, -18 ]
k=46: [ -1, -1, -1, -1, -1, -1, -1, -1, -1, -1, -1, -1, -1, -1, -2, -2, -2, -2, 
-2, -2, -2, -2, -4, -4, -9/2, -9/2, -9/2, -9/2, -5, -5, -5, -5, -11/2, -11/2, 
-11/2, -11/2, -6, -6, -7, -7, -7, -7, -7, -7, -7, -7, -8, -8, -8, -8, -9, -9, 
-9, -9, -9, -9, -9, -9, -9, -9, -9, -9, -9, -9, -9, -9, -9, -9, -9, -9, -10, 
-10, -10, -10, -11, -11, -11, -11, -11, -11, -11, -11, -12, -12, -25/2, -25/2, 
-25/2, -25/2, -13, -13, -13, -13, -14, -14, -14, -14, -15, -15, -16, -16, -16, 
-16, -16, -16, -16, -16, -17, -17, -17, -17, -18, -18, -18, -18, -18, -18, -18, 
-18, -18, -18, -18, -18, -18, -18, -18, -18, -18, -18, -18, -18, -19, -19, -19, 
-19 ]
k=48: [ 0, -1, -1, -1, -1, -1, -1, -1, -1, -1, -1, -1, -1, -1, -2, -2, -2, -2, 
-2, -2, -2, -2, -3, -3, -4, -4, -4, -4, -5, -5, -5, -5, -11/2, -11/2, -11/2, 
-11/2, -6, -6, -7, -7, -7, -7, -7, -7, -7, -7, -8, -8, -8, -8, -9, -9, -9, -9, 
-9, -9, -9, -9, -9, -9, -9, -9, -9, -9, -9, -9, -9, -9, -9, -9, -10, -10, -10, 
-10, -11, -11, -11, -11, -11, -11, -11, -11, -12, -12, -13, -13, -13, -13, -14, 
-14, -14, -14, -29/2, -29/2, -29/2, -29/2, -15, -15, -16, -16, -16, -16, -16, 
-16, -16, -16, -17, -17, -17, -17, -18, -18, -18, -18, -18, -18, -18, -18, -18, 
-18, -18, -18, -18, -18, -18, -18, -18, -18, -18, -18, -19, -19, -19, -19, -20, 
-20, -20, -20, -20, -20, -20, -20 ]
