k=2: [ 10000, 10000, 10000, 10000, 10000 ]
k=4: [ 0, 0, 0, 0, 0, 0, 0, 0, 0, 0, 0, 0 ]
k=6: [ 0, 0, 0, 0, 0, 0, 0, 0, 0, 0, 0, 0, -1, -1, -1, -1, -1, -1, -2, -2 ]
k=8: [ 0, 0, 0, 0, 0, 0, 0, 0, 0, 0, 0, 0, -1, -1, -1, -1, -1, -1, -3/2, -3/2, 
-3/2, -3/2, -2, -2, -2, -2, -2, -2 ]
k=10: [ 0, 0, 0, 0, 0, 0, 0, 0, 0, 0, 0, 0, -1, -1, -1, -1, -1, -1, -3/2, -3/2, 
-3/2, -3/2, -2, -2, -2, -2, -2, -2, -3, -3, -3, -3, -3, -3, -5, -5 ]
k=12: [ 0, 0, 0, 0, 0, 0, 0, 0, 0, 0, 0, 0, -1, -1, -1, -1, -1, -1, -3/2, -3/2, 
-3/2, -3/2, -2, -2, -2, -2, -2, -2, -3, -3, -3, -3, -3, -3, -7/2, -7/2, -7/2, 
-7/2, -4, -4, -4, -4, -4, -4 ]
k=14: [ 1, 0, 0, 0, 0, 0, 0, 0, 0, 0, 0, 0, -1, -1, -1, -1, -1, -1, -3/2, -3/2, 
-3/2, -3/2, -2, -2, -2, -2, -2, -2, -3, -3, -3, -3, -3, -3, -7/2, -7/2, -7/2, 
-7/2, -4, -4, -4, -4, -4, -4, -5, -5, -5, -5, -5, -5, -5, -5 ]
