k=2: [ 10000, 10000, 10000 ]
k=4: [ 0, 0, 0, 0, 0, -1, -1 ]
k=6: [ 0, 0, 0, 0, 0, -1/2, -1/2, -1/2, -1/2, -1, -1, -1, -1 ]
k=8: [ 1, 1, 1, 1, 0, -1/2, -1/2, -1/2, -1/2, -1, -1, -1, -1, -2, -2, -2, -2 ]
k=10: [ 0, 0, 0, 0, 0, -1/2, -1/2, -1/2, -1/2, -1, -1, -1, -1, -2, -2, -2, -2, 
-3, -3, -3, -3, -4, -4 ]
k=12: [ 0, 0, 0, 0, 0, -1/2, -1/2, -1/2, -1/2, -1, -1, -1, -1, -2, -2, -2, -2, 
-3, -3, -3, -3, -7/2, -7/2, -7/2, -7/2, -4, -4 ]
k=14: [ 0, 0, 0, 0, 0, -1/2, -1/2, -1/2, -1/2, -1, -1, -1, -1, -2, -2, -2, -2, 
-3, -3, -3, -3, -4, -4, -4, -4, -5, -5, -5, -5, -5, -5, -5, -5 ]
k=16: [ 1, 1, 1, 1, 0, -1/2, -1/2, -1/2, -1/2, -1, -1, -1, -1, -2, -2, -2, -2, 
-4, -4, -4, -4, -9/2, -9/2, -9/2, -9/2, -5, -5, -5, -5, -5, -5, -5, -5, -5, -5, 
-6, -6 ]
k=18: [ 0, 0, 0, 0, 0, -1/2, -1/2, -1/2, -1/2, -1, -1, -1, -1, -3, -3, -3, -3, 
-4, -4, -4, -4, -9/2, -9/2, -9/2, -9/2, -5, -5, -5, -5, -5, -5, -5, -5, -5, -5, 
-11/2, -11/2, -11/2, -11/2, -6, -6, -6, -6 ]
k=20: [ 0, 0, 0, 0, 0, -1, -1, -1, -1, -2, -2, -2, -2, -3, -3, -3, -3, -4, -4, 
-4, -4, -9/2, -9/2, -9/2, -9/2, -5, -5, -5, -5, -5, -5, -5, -5, -5, -5, -11/2, 
-11/2, -11/2, -11/2, -6, -6, -6, -6, -7, -7, -7, -7 ]
k=22: [ 1, 1, 1, 0, -1, -3/2, -3/2, -3/2, -3/2, -2, -2, -2, -2, -3, -3, -3, -3, 
-4, -4, -4, -4, -9/2, -9/2, -9/2, -9/2, -5, -5, -5, -5, -5, -5, -5, -5, -5, -5, 
-11/2, -11/2, -11/2, -11/2, -6, -6, -6, -6, -7, -7, -7, -7, -8, -8, -8, -8, -9, 
-9 ]
k=24: [ 0, -1, -1, -1, -1, -3/2, -3/2, -3/2, -3/2, -2, -2, -2, -2, -3, -3, -3, 
-3, -4, -4, -4, -4, -9/2, -9/2, -9/2, -9/2, -5, -5, -5, -5, -5, -5, -5, -5, -5, 
-5, -11/2, -11/2, -11/2, -11/2, -6, -6, -6, -6, -7, -7, -7, -7, -8, -8, -8, -8, 
-9, -9, -9, -9, -10, -10 ]
k=26: [ -1, -1, -1, -1, -1, -1, -1, -1, -1, -2, -2, -2, -2, -3, -3, -3, -3, -4, 
-4, -4, -4, -9/2, -9/2, -9/2, -9/2, -5, -5, -5, -5, -5, -5, -5, -5, -5, -5, 
-11/2, -11/2, -11/2, -11/2, -6, -6, -6, -6, -7, -7, -7, -7, -9, -9, -9, -9, 
-19/2, -19/2, -19/2, -19/2, -10, -10, -10, -10, -10, -10, -10, -10 ]
k=28: [ 0, -1, -1, -1, -1, -1, -1, -1, -1, -1, -1, -1, -1, -3, -3, -3, -3, -4, 
-4, -4, -4, -9/2, -9/2, -9/2, -9/2, -5, -5, -5, -5, -5, -5, -5, -5, -5, -5, 
-11/2, -11/2, -11/2, -11/2, -6, -6, -6, -6, -8, -8, -8, -8, -9, -9, -9, -9, 
-19/2, -19/2, -19/2, -19/2, -10, -10, -10, -10, -10, -10, -10, -10, -10, -10, 
-11, -11 ]
k=30: [ -1, -1, -1, -1, -1, -1, -1, -1, -1, -1, -1, -1, -1, -2, -2, -2, -2, -4, 
-4, -4, -4, -9/2, -9/2, -9/2, -9/2, -5, -5, -5, -5, -5, -5, -5, -5, -5, -5, -6, 
-6, -6, -6, -7, -7, -7, -7, -8, -8, -8, -8, -9, -9, -9, -9, -19/2, -19/2, -19/2,
-19/2, -10, -10, -10, -10, -10, -10, -10, -10, -10, -10, -21/2, -21/2, -21/2, 
-21/2, -11, -11, -11, -11 ]
k=32: [ -1, -1, -1, -1, -1, -1, -1, -1, -1, -1, -1, -1, -1, -2, -2, -2, -2, -3, 
-3, -3, -3, -4, -4, -4, -4, -5, -5, -5, -5, -5, -5, -5, -5, -6, -6, -13/2, 
-13/2, -13/2, -13/2, -7, -7, -7, -7, -8, -8, -8, -8, -9, -9, -9, -9, -19/2, 
-19/2, -19/2, -19/2, -10, -10, -10, -10, -10, -10, -10, -10, -10, -10, -21/2, 
-21/2, -21/2, -21/2, -11, -11, -11, -11, -12, -12, -12, -12 ]
k=34: [ -1, -1, -1, -1, -1, -1, -1, -1, -1, -1, -1, -1, -1, -2, -2, -2, -2, -3, 
-3, -3, -3, -7/2, -7/2, -7/2, -7/2, -4, -4, -6, -6, -6, -6, -6, -6, -6, -6, 
-13/2, -13/2, -13/2, -13/2, -7, -7, -7, -7, -8, -8, -8, -8, -9, -9, -9, -9, 
-19/2, -19/2, -19/2, -19/2, -10, -10, -10, -10, -10, -10, -10, -10, -10, -10, 
-21/2, -21/2, -21/2, -21/2, -11, -11, -11, -11, -12, -12, -12, -12, -13, -13, 
-13, -13, -15, -15 ]
k=36: [ -1, -1, -1, -1, -1, -1, -1, -1, -1, -1, -1, -1, -1, -2, -2, -2, -2, -3, 
-3, -3, -3, -4, -4, -4, -4, -5, -5, -5, -5, -5, -5, -5, -5, -6, -6, -13/2, 
-13/2, -13/2, -13/2, -7, -7, -7, -7, -8, -8, -8, -8, -9, -9, -9, -9, -19/2, 
-19/2, -19/2, -19/2, -10, -10, -10, -10, -10, -10, -10, -10, -10, -10, -21/2, 
-21/2, -21/2, -21/2, -11, -11, -11, -11, -12, -12, -12, -12, -14, -14, -14, -14,
-29/2, -29/2, -29/2, -29/2, -15, -15 ]
k=38: [ -1, -1, -1, -1, -1, -1, -1, -1, -1, -1, -1, -1, -1, -2, -2, -2, -2, -4, 
-4, -4, -4, -9/2, -9/2, -9/2, -9/2, -5, -5, -5, -5, -5, -5, -5, -5, -5, -5, -6, 
-6, -6, -6, -7, -7, -7, -7, -8, -8, -8, -8, -9, -9, -9, -9, -19/2, -19/2, -19/2,
-19/2, -10, -10, -10, -10, -10, -10, -10, -10, -10, -10, -21/2, -21/2, -21/2, 
-21/2, -11, -11, -11, -11, -13, -13, -13, -13, -14, -14, -14, -14, -29/2, -29/2,
-29/2, -29/2, -15, -15, -15, -15, -15, -15, -15, -15 ]
k=40: [ 1, -1, -1, -1, -1, -1, -1, -1, -1, -1, -1, -1, -1, -3, -3, -3, -3, -4, 
-4, -4, -4, -9/2, -9/2, -9/2, -9/2, -5, -5, -5, -5, -5, -5, -5, -5, -5, -5, 
-11/2, -11/2, -11/2, -11/2, -6, -6, -6, -6, -8, -8, -8, -8, -9, -9, -9, -9, 
-19/2, -19/2, -19/2, -19/2, -10, -10, -10, -10, -10, -10, -10, -10, -10, -10, 
-11, -11, -11, -11, -12, -12, -12, -12, -13, -13, -13, -13, -14, -14, -14, -14, 
-29/2, -29/2, -29/2, -29/2, -15, -15, -15, -15, -15, -15, -15, -15, -15, -15, 
-16, -16 ]
k=42: [ -1, -1, -1, -1, -1, -1, -1, -1, -1, -2, -2, -2, -2, -3, -3, -3, -3, -4, 
-4, -4, -4, -9/2, -9/2, -9/2, -9/2, -5, -5, -5, -5, -5, -5, -5, -5, -5, -5, 
-11/2, -11/2, -11/2, -11/2, -6, -6, -6, -6, -7, -7, -7, -7, -9, -9, -9, -9, 
-19/2, -19/2, -19/2, -19/2, -10, -10, -10, -10, -10, -10, -10, -10, -11, -11, 
-23/2, -23/2, -23/2, -23/2, -12, -12, -12, -12, -13, -13, -13, -13, -14, -14, 
-14, -14, -29/2, -29/2, -29/2, -29/2, -15, -15, -15, -15, -15, -15, -15, -15, 
-15, -15, -31/2, -31/2, -31/2, -31/2, -16, -16, -16, -16 ]
k=44: [ -1, -1, -1, -1, -1, -3/2, -3/2, -3/2, -3/2, -2, -2, -2, -2, -3, -3, -3, 
-3, -4, -4, -4, -4, -9/2, -9/2, -9/2, -9/2, -5, -5, -5, -5, -5, -5, -5, -5, -5, 
-5, -11/2, -11/2, -11/2, -11/2, -6, -6, -6, -6, -7, -7, -7, -7, -8, -8, -8, -8, 
-9, -9, -9, -9, -10, -10, -11, -11, -11, -11, -11, -11, -11, -11, -23/2, -23/2, 
-23/2, -23/2, -12, -12, -12, -12, -13, -13, -13, -13, -14, -14, -14, -14, -29/2,
-29/2, -29/2, -29/2, -15, -15, -15, -15, -15, -15, -15, -15, -15, -15, -31/2, 
-31/2, -31/2, -31/2, -16, -16, -16, -16, -17, -17, -17, -17 ]
k=46: [ -1, -1, -1, -1, -1, -3/2, -3/2, -3/2, -3/2, -2, -2, -2, -2, -3, -3, -3, 
-3, -4, -4, -4, -4, -9/2, -9/2, -9/2, -9/2, -5, -5, -5, -5, -5, -5, -5, -5, -5, 
-5, -11/2, -11/2, -11/2, -11/2, -6, -6, -6, -6, -7, -7, -7, -7, -8, -8, -8, -8, 
-9, -9, -9, -9, -10, -10, -11, -11, -11, -11, -11, -11, -11, -11, -23/2, -23/2, 
-23/2, -23/2, -12, -12, -12, -12, -13, -13, -13, -13, -14, -14, -14, -14, -29/2,
-29/2, -29/2, -29/2, -15, -15, -15, -15, -15, -15, -15, -15, -15, -15, -31/2, 
-31/2, -31/2, -31/2, -16, -16, -16, -16, -17, -17, -17, -17, -19, -19, -19, -19,
-20, -20 ]
